2020685984444882946
2020688129135124482
2020687110694789122
2019608167360385026
2018212592918781954
2018202816735797249
2018216707725385729
2018214453105188866
2018197489717248001
2018217375952068610
2018207095910096897
2018210051736788994
2018205660015919105
2018196604472451073
2018218748593209346
2018200381941514241
2017164707947139074
2017133663621533697
2017141112865456129
2017146030817730561
2017157569443057666
2017151700761763842
2017149319762989058
2017167175763001346
2017124309893046273
2017160880180617217
2017154280018202626
2017131651669065730
2017163268189376514
2016808072862404610
2016427361321525249
2016439393939533826
2016427450239463425
2016437214056824834
2016059106117009409
2016061416348041218
2016078240851865601
2016069701957758978
2014641765296934914
2014524294011326466
2013830716072767489
2013820726661763073
2013516515343228929
2013547649939951617
2013521220245020673
2013532612030382082
2013546771816271873
2013548699526643713
2013514762199654402
2013529636770082817
2013130746942124033
2013136287915728898
2601160752251635600
2012101261248299010
2011702217086726145
2011704104853929986
2011681482686562306
2011691348248358914
2011605634290675714
2011605668625248258
2011733384916860930
2011605723457384450
2011696803473387521
2011705172489793538
2011708565924052993
2011699473288032257
2011605617203081218
2011731764574285826
2011698337544269826
2011730243685154817
